   0.0    0.0    0.0    0.0    0.0    0.0    0.0    0.0    0.0    0.0    0.0    0.0    0.0    0.0    0.0    0.0    0.0    0.0    0.0    0.0    0.0    0.0    0.0    0.0    0.0    0.0    0.0    0.0    0.0    0.0    0.0    0.0    0.0    0.0    0.0    0.0    0.0    0.0    0.0    0.0    0.0    0.0    0.0    0.0    0.0    0.0    0.0    0.0    0.0    0.0    0.0    0.0    0.0    0.0    0.0    0.0    0.0    0.0    0.0    0.0    0.0    0.0    0.0    0.0    0.0    0.0    0.0    0.0    0.0    0.0    0.0    0.0    0.0    0.0    0.0    0.0    0.0    0.0    0.0    0.0    0.0    0.0    0.0    0.0    0.0    0.0    0.0    0.0    0.0    0.0    0.0    0.0    0.0    0.0    0.0    0.0    0.0    0.0    0.0    0.0    0.0    0.0    0.0    0.0    0.0    0.0    0.0    0.0    0.0    0.0    0.0    0.0    0.0    0.0    0.0    0.0    0.0    0.0    0.0    0.0    0.0    0.0    0.0    0.0    0.0    0.0    0.0    0.0    0.0    0.0    0.0    0.0    0.0    0.0    0.0    0.0    0.0    0.0    0.0    0.0    0.0    0.0    0.0    0.0    0.0    0.0    0.0    0.0    0.0    0.0    0.0    0.0    0.0    0.0    0.0    0.0    0.0    0.0    0.0    0.0    0.0    0.0    0.0    0.0    0.0    0.0    0.0    0.0    0.0    0.0    0.0    0.0    0.0    0.0    0.0    0.0    0.0    0.0    0.0    0.0    0.0    0.0    0.0    0.0    0.0    0.0    0.0    0.0    0.0    0.0    0.0    0.0    0.0    0.0    0.0    0.0    0.0    0.0    0.0    0.0
   0.0 31122.3 62224.8 93287.5 124291.0 155216.0 186043.4 216755.0 247332.7 277759.3 308018.1 338093.4 367969.9 397633.4 427070.5 456268.5 485215.6 513900.9 542314.4 570446.8 598289.4 625834.9 653076.2 680006.9 706621.5 732914.9 758882.9 784521.2 809826.7 834796.1 859427.1 883717.1 907664.4 931267.2 954524.2 977434.1 999995.8 1022208.6 1044071.7 1065584.5 1086746.6 1107557.5 1128017.0 1148124.6 1167880.2 1187283.6 1206334.8 1225033.5 1243379.8 1261373.4 1279014.4 1296302.8 1313238.2 1329821.1 1346051.2 1361928.5 1377453.0 1392624.8 1407443.6 1421909.6 1436022.8 1449783.2 1463190.9 1476245.8 1488947.6 1501296.8 1513293.0 1524936.4 1536227.0 1547164.8 1557749.6 1567981.8 1577861.1 1587387.5 1596561.1 1605381.9 1613849.9 1621965.0 1629727.2 1637136.8 1644193.4 1650897.1 1657248.1 1663246.2 1668891.5 1674184.1 1679123.8 1683710.6 1687944.6 1691825.8 1695354.1 1698529.6 1701352.4 1703822.1 1705939.1 1707703.4 1709114.8 1710173.2 1710878.9 1711231.8 1711231.8 1710878.9 1710173.2 1709114.8 1707703.4 1705939.1 1703822.1 1701352.4 1698529.6 1695354.1 1691825.8 1687944.6 1683710.6 1679123.8 1674184.1 1668891.5 1663246.2 1657248.1 1650897.1 1644193.4 1637136.8 1629727.2 1621965.0 1613849.9 1605381.9 1596561.1 1587387.5 1577861.1 1567981.8 1557749.6 1547164.8 1536227.0 1524936.4 1513293.0 1501296.8 1488947.6 1476245.8 1463190.9 1449783.2 1436022.8 1421909.6 1407443.6 1392624.8 1377453.0 1361928.5 1346051.2 1329821.1 1313238.2 1296302.8 1279014.4 1261373.4 1243379.8 1225033.5 1206334.8 1187283.6 1167880.2 1148124.6 1128017.0 1107557.5 1086746.6 1065584.5 1044071.7 1022208.6 999995.8 977434.1 954524.2 931267.2 907664.4 883717.1 859427.1 834796.1 809826.7 784521.2 758882.9 732914.9 706621.5 680006.9 653076.2 625834.9 598289.4 570446.8 542314.4 513900.9 485215.6 456268.5 427070.5 397633.4 367969.9 338093.4 308018.1 277759.3 247332.7 216755.0 186043.4 155216.0 124291.0 93287.5 62224.8 31122.3    0.0
   0.0 62224.8 124409.7 186515.4 248502.6 310332.7 371968.0 433371.4 494507.3 555341.1 615839.4 675970.7 735704.7 795012.8 853868.1 912245.4 970121.1 1027473.4 1084282.2 1140529.0 1196196.8 1251270.1 1305735.1 1359579.4 1412791.5 1465361.8 1517280.9 1568541.4 1619136.0 1669059.0 1718305.0 1766869.6 1814748.9 1861939.4 1908438.5 1954243.5 1999352.6 2043764.0 2087476.2 2130488.2 2172798.8 2214407.5 2255313.2 2295515.8 2335014.2 2373808.8 2411898.8 2449284.2 2485965.0 2521940.8 2557211.5 2591777.2 2625637.5 2658792.5 2691242.2 2722986.8 2754025.8 2784359.5 2813987.8 2842910.8 2871128.0 2898640.2 2925446.8 2951548.0 2976943.8 3001634.2 3025619.0 3048898.5 3071472.5 3093341.0 3114504.0 3134961.8 3154714.0 3173760.8 3192102.0 3209738.0 3226668.5 3242893.8 3258413.2 3273227.5 3287336.2 3300739.5 3313437.2 3325429.8 3336716.8 3347298.8 3357174.8 3366345.5 3374811.0 3382570.8 3389625.0 3395974.0 3401617.5 3406555.8 3410788.2 3414315.8 3417137.5 3419253.8 3420664.5 3421370.0 3421370.0 3420664.5 3419253.8 3417137.5 3414315.8 3410788.2 3406555.8 3401617.5 3395974.0 3389625.0 3382570.8 3374811.0 3366345.5 3357174.8 3347298.8 3336716.8 3325429.8 3313437.2 3300739.5 3287336.2 3273227.5 3258413.2 3242893.8 3226668.5 3209738.0 3192102.0 3173760.8 3154714.0 3134961.8 3114504.0 3093341.0 3071472.5 3048898.5 3025619.0 3001634.2 2976943.8 2951548.0 2925446.8 2898640.2 2871128.0 2842910.8 2813987.8 2784359.5 2754025.8 2722986.8 2691242.2 2658792.5 2625637.5 2591777.2 2557211.5 2521940.8 2485965.0 2449284.2 2411898.8 2373808.8 2335014.2 2295515.8 2255313.2 2214407.5 2172798.8 2130488.2 2087476.2 2043764.0 1999352.6 1954243.5 1908438.5 1861939.4 1814748.9 1766869.6 1718305.0 1669059.0 1619136.0 1568541.4 1517280.9 1465361.8 1412791.5 1359579.4 1305735.1 1251270.1 1196196.8 1140529.0 1084282.2 1027473.4 970121.1 912245.4 853868.1 795012.8 735704.7 675970.7 615839.4 555341.1 494507.3 433371.4 371968.0 310332.7 248502.6 186515.4 124409.7 62224.8    0.0
   0.0 93287.5 186515.4 279624.4 372555.8 465251.6 557655.4 649711.6 741366.6 832568.8 923268.1 1013417.1 1102970.5 1191885.4 1280121.4 1367640.8 1454408.2 1540391.0 1625558.8 1709884.0 1793341.2 1875907.4 1957561.5 2038285.0 2118061.0 2196874.2 2274711.5 2351561.2 2427413.0 2502257.8 2576087.5 2648895.8 2720676.2 2791424.5 2861136.0 2929807.0 2997434.8 3064016.5 3129550.0 3194033.5 3257465.8 3319845.5 3381171.5 3441443.0 3500659.5 3558820.2 3615925.2 3671973.8 3726965.5 3780900.5 3833778.2 3885599.2 3936362.8 3986069.0 4034717.8 4082309.0 4128842.8 4174319.2 4218738.0 4262099.5 4304403.0 4345649.5 4385838.0 4424969.0 4463042.0 4500058.0 4536016.5 4570917.0 4604760.0 4637545.0 4669273.0 4699943.0 4729555.5 4758110.5 4785608.0 4812048.0 4837430.0 4861755.0 4885022.0 4907231.5 4928383.5 4948477.5 4967514.0 4985493.5 5002415.0 5018279.0 5033085.5 5046834.5 5059525.5 5071159.0 5081735.0 5091253.5 5099714.0 5107117.5 5113463.0 5118751.0 5122981.5 5126154.5 5128269.5 5129327.0 5129327.0 5128269.5 5126154.5 5122981.5 5118751.0 5113463.0 5107117.5 5099714.0 5091253.5 5081735.0 5071159.0 5059525.5 5046834.5 5033085.5 5018279.0 5002415.0 4985493.5 4967514.0 4948477.5 4928383.5 4907231.5 4885022.0 4861755.0 4837430.0 4812048.0 4785608.0 4758110.5 4729555.5 4699943.0 4669273.0 4637545.0 4604760.0 4570917.0 4536016.5 4500058.0 4463042.0 4424969.0 4385838.0 4345649.5 4304403.0 4262099.5 4218738.0 4174319.2 4128842.8 4082309.0 4034717.8 3986069.0 3936362.8 3885599.2 3833778.2 3780900.5 3726965.5 3671973.8 3615925.2 3558820.2 3500659.5 3441443.0 3381171.5 3319845.5 3257465.8 3194033.5 3129550.0 3064016.5 2997434.8 2929807.0 2861136.0 2791424.5 2720676.2 2648895.8 2576087.5 2502257.8 2427413.0 2351561.2 2274711.5 2196874.2 2118061.0 2038285.0 1957561.5 1875907.4 1793341.2 1709884.0 1625558.8 1540391.0 1454408.2 1367640.8 1280121.4 1191885.4 1102970.5 1013417.1 923268.1 832568.8 741366.6 649711.6 557655.4 465251.6 372555.8 279624.4 186515.4 93287.5    0.0
   0.0 124291.0 248502.6 372555.8 496372.2 619875.0 742988.4 865639.0 987755.0 1109267.6 1230110.2 1350219.8 1469535.6 1588000.8 1705561.5 1822167.4 1937771.4 2052330.0 2165802.8 2278153.0 2389346.5 2499353.0 2608144.5 2715696.0 2821984.8 2926991.0 3030697.2 3133087.5 3234148.0 3333866.8 3432233.5 3529239.0 3624875.5 3719136.5 3812016.0 3903509.8 3993613.0 4082322.5 4169635.8 4255550.0 4340063.5 4423175.0 4504882.0 4585185.0 4664081.0 4741571.5 4817654.5 4892330.5 4965598.5 5037458.0 5107909.5 5176953.0 5244587.5 5310813.0 5375630.0 5439038.0 5501037.0 5561627.5 5620808.5 5678580.5 5734943.5 5789897.5 5843442.5 5895579.0 5946305.5 5995623.5 6043532.0 6090031.5 6135122.0 6178803.5 6221075.5 6261938.5 6301392.5 6339437.5 6376074.0 6411301.0 6445119.0 6477527.5 6508527.5 6538118.0 6566299.5 6593072.0 6618435.5 6642390.0 6664935.5 6686072.0 6705799.0 6724117.0 6741026.0 6756526.0 6770616.5 6783298.5 6794571.0 6804435.0 6812889.5 6819935.0 6825571.5 6829798.5 6832616.5 6834025.5 6834025.5 6832616.5 6829798.5 6825571.5 6819935.0 6812889.5 6804435.0 6794571.0 6783298.5 6770616.5 6756526.0 6741026.0 6724117.0 6705799.0 6686072.0 6664935.5 6642390.0 6618435.5 6593072.0 6566299.5 6538118.0 6508527.5 6477527.5 6445119.0 6411301.0 6376074.0 6339437.5 6301392.5 6261938.5 6221075.5 6178803.5 6135122.0 6090031.5 6043532.0 5995623.5 5946305.5 5895579.0 5843442.5 5789897.5 5734943.5 5678580.5 5620808.5 5561627.5 5501037.0 5439038.0 5375630.0 5310813.0 5244587.5 5176953.0 5107909.5 5037458.0 4965598.5 4892330.5 4817654.5 4741571.5 4664081.0 4585185.0 4504882.0 4423175.0 4340063.5 4255550.0 4169635.8 4082322.5 3993613.0 3903509.8 3812016.0 3719136.5 3624875.5 3529239.0 3432233.5 3333866.8 3234148.0 3133087.5 3030697.2 2926991.0 2821984.8 2715696.0 2608144.5 2499353.0 2389346.5 2278153.0 2165802.8 2052330.0 1937771.4 1822167.4 1705561.5 1588000.8 1469535.6 1350219.8 1230110.2 1109267.6 987755.0 865639.0 742988.4 619875.0 496372.2 372555.8 248502.6 124291.0    0.0
   0.0 155216.0 310332.7 465251.6 619875.0 774106.6 927852.0 1081019.2 1233519.1 1385265.2 1536174.9 1686168.9 1835171.9 1983112.4 2129923.5 2275542.2 2419909.8 2562971.8 2704678.0 2844982.0 2983841.8 3121219.0 3257079.0 3391390.2 3524125.0 3655258.0 3784767.2 3912633.2 4038838.8 4163368.8 4286210.0 4407351.5 4526783.5 4644497.5 4760487.0 4874745.0 4987266.5 5098048.5 5207086.0 5314377.0 5419918.0 5523708.0 5625745.0 5726028.0 5824555.0 5921325.5 6016339.0 6109595.0 6201093.0 6290832.0 6378813.0 6465034.5 6549497.0 6632200.5 6713144.5 6792329.0 6869754.5 6945420.0 7019326.0 7091472.5 7161859.5 7230486.5 7297354.5 7362462.5 7425810.5 7487399.0 7547228.0 7605297.0 7661606.5 7716156.0 7768946.5 7819976.5 7869247.5 7916758.5 7962510.0 8006502.0 8048734.0 8089206.0 8127919.0 8164872.0 8200065.5 8233499.5 8265173.5 8295088.5 8323243.0 8349638.5 8374274.0 8397150.0 8418266.0 8437623.0 8455219.0 8471057.0 8485134.0 8497452.0 8508010.0 8516809.0 8523847.0 8529126.0 8532645.0 8534405.0 8534405.0 8532645.0 8529126.0 8523847.0 8516809.0 8508010.0 8497452.0 8485134.0 8471057.0 8455219.0 8437623.0 8418266.0 8397150.0 8374274.0 8349638.5 8323243.0 8295088.5 8265173.5 8233499.5 8200065.5 8164872.0 8127919.0 8089206.0 8048734.0 8006502.0 7962510.0 7916758.5 7869247.5 7819976.5 7768946.5 7716156.0 7661606.5 7605297.0 7547228.0 7487399.0 7425810.5 7362462.5 7297354.5 7230486.5 7161859.5 7091472.5 7019326.0 6945420.0 6869754.5 6792329.0 6713144.5 6632200.5 6549497.0 6465034.5 6378813.0 6290832.0 6201093.0 6109595.0 6016339.0 5921325.5 5824555.0 5726028.0 5625745.0 5523708.0 5419918.0 5314377.0 5207086.0 5098048.5 4987266.5 4874745.0 4760487.0 4644497.5 4526783.5 4407351.5 4286210.0 4163368.8 4038838.8 3912633.2 3784767.2 3655258.0 3524125.0 3391390.2 3257079.0 3121219.0 2983841.8 2844982.0 2704678.0 2562971.8 2419909.8 2275542.2 2129923.5 1983112.4 1835171.9 1686168.9 1536174.9 1385265.2 1233519.1 1081019.2 927852.0 774106.6 619875.0 465251.6 310332.7 155216.0    0.0
   0.0 186043.4 371968.0 557655.4 742988.4 927852.0 1112132.9 1295720.6 1478508.6 1660393.0 1841274.9 2021059.2 2199655.8 2376978.8 2552948.0 2727488.0 2900528.5 3072004.2 3241854.5 3410024.2 3576463.2 3741125.0 3903968.0 4064954.8 4224052.0 4381229.5 4536460.5 4689722.0 4840993.5 4990256.0 5137495.5 5282696.5 5425849.0 5566942.0 5705968.0 5842918.5 5977788.5 6110572.5 6241266.5 6369866.5 6496369.0 6620773.0 6743075.5 6863275.0 6981371.0 7097361.0 7211245.5 7323022.5 7432693.0 7540255.5 7645710.0 7749056.5 7850294.0 7949423.0 8046443.0 8141354.5 8234157.5 8324851.0 8413435.0 8499911.0 8584278.0 8666535.0 8746683.0 8824722.0 8900652.0 8974473.0 9046184.0 9115786.0 9183279.0 9248663.0 9311938.0 9373104.0 9432161.0 9489108.0 9543946.0 9596675.0 9647294.0 9695805.0 9742206.0 9786499.0 9828682.0 9868757.0 9906722.0 9942578.0 9976324.0 10007961.0 10037490.0 10064909.0 10090220.0 10113421.0 10134512.0 10153495.0 10170368.0 10185132.0 10197787.0 10208333.0 10216770.0 10223097.0 10227315.0 10229424.0 10229424.0 10227315.0 10223097.0 10216770.0 10208333.0 10197787.0 10185132.0 10170368.0 10153495.0 10134512.0 10113421.0 10090220.0 10064909.0 10037490.0 10007961.0 9976324.0 9942578.0 9906722.0 9868757.0 9828682.0 9786499.0 9742206.0 9695805.0 9647294.0 9596675.0 9543946.0 9489108.0 9432161.0 9373104.0 9311938.0 9248663.0 9183279.0 9115786.0 9046184.0 8974473.0 8900652.0 8824722.0 8746683.0 8666535.0 8584278.0 8499911.0 8413435.0 8324851.0 8234157.5 8141354.5 8046443.0 7949423.0 7850294.0 7749056.5 7645710.0 7540255.5 7432693.0 7323022.5 7211245.5 7097361.0 6981371.0 6863275.0 6743075.5 6620773.0 6496369.0 6369866.5 6241266.5 6110572.5 5977788.5 5842918.5 5705968.0 5566942.0 5425849.0 5282696.5 5137495.5 4990256.0 4840993.5 4689722.0 4536460.5 4381229.5 4224052.0 4064954.8 3903968.0 3741125.0 3576463.2 3410024.2 3241854.5 3072004.2 2900528.5 2727488.0 2552948.0 2376978.8 2199655.8 2021059.2 1841274.9 1660393.0 1478508.6 1295720.6 1112132.9 927852.0 742988.4 557655.4 371968.0 186043.4    0.0
   0.0 216755.0 433371.4 649711.6 865639.0 1081019.2 1295720.6 1509614.8 1722576.8 1934486.1 2145227.5 2354690.2 2562768.8 2769364.0 2974382.0 3177734.5 3379340.0 3579122.2 3777011.0 3972942.0 4166856.0 4358700.0 4548424.5 4735987.0 4921347.0 5104471.0 5285327.5 5463889.0 5640131.5 5814034.5 5985579.5 6154750.5 6321534.0 6485918.5 6647894.0 6807452.0 6964586.0 7119289.5 7271558.0 7421386.5 7568772.5 7713712.5 7856204.0 7996246.0 8133836.5 8268974.5 8401658.0 8531888.0 8659662.0 8784981.0 8907844.0 9028250.0 9146199.0 9261692.0 9374728.0 9485307.0 9593430.0 9699095.0 9802303.0 9903053.0 10001347.0 10097183.0 10190562.0 10281483.0 10369948.0 10455954.0 10539503.0 10620595.0 10699230.0 10775408.0 10849128.0 10920391.0 10989196.0 11055544.0 11119434.0 11180868.0 11239844.0 11296363.0 11350424.0 11402029.0 11451175.0 11497865.0 11542097.0 11583872.0 11623189.0 11660049.0 11694452.0 11726397.0 11755886.0 11782917.0 11807490.0 11829606.0 11849265.0 11866466.0 11881210.0 11893497.0 11903326.0 11910698.0 11915612.0 11918070.0 11918070.0 11915612.0 11910698.0 11903326.0 11893497.0 11881210.0 11866466.0 11849265.0 11829606.0 11807490.0 11782917.0 11755886.0 11726397.0 11694452.0 11660049.0 11623189.0 11583872.0 11542097.0 11497865.0 11451175.0 11402029.0 11350424.0 11296363.0 11239844.0 11180868.0 11119434.0 11055544.0 10989196.0 10920391.0 10849128.0 10775408.0 10699230.0 10620595.0 10539503.0 10455954.0 10369948.0 10281483.0 10190562.0 10097183.0 10001347.0 9903053.0 9802303.0 9699095.0 9593430.0 9485307.0 9374728.0 9261692.0 9146199.0 9028250.0 8907844.0 8784981.0 8659662.0 8531888.0 8401658.0 8268974.5 8133836.5 7996246.0 7856204.0 7713712.5 7568772.5 7421386.5 7271558.0 7119289.5 6964586.0 6807452.0 6647894.0 6485918.5 6321534.0 6154750.5 5985579.5 5814034.5 5640131.5 5463889.0 5285327.5 5104471.0 4921347.0 4735987.0 4548424.5 4358700.0 4166856.0 3972942.0 3777011.0 3579122.2 3379340.0 3177734.5 2974382.0 2769364.0 2562768.8 2354690.2 2145227.5 1934486.1 1722576.8 1509614.8 1295720.6 1081019.2 865639.0 649711.6 433371.4 216755.0    0.0
   0.0 247332.7 494507.3 741366.6 987755.0 1233519.1 1478508.6 1722576.8 1965581.4 2207385.0 2447855.8 2686867.2 2924299.8 3160039.2 3393979.2 3626018.8 3856065.0 4084030.5 4309835.5 4533406.5 4754676.5 4973583.5 5190073.0 5404095.0 5615604.0 5824561.0 6030931.0 6234682.5 6435787.5 6634223.0 6829968.0 7023004.0 7213316.0 7400890.0 7585715.5 7767782.5 7947083.5 8123611.5 8297360.5 8468325.0 8636503.0 8801890.0 8964482.0 9124280.0 9281281.0 9435482.0 9586884.0 9735485.0 9881285.0 10024283.0 10164477.0 10301869.0 10436458.0 10568243.0 10697226.0 10823404.0 10946779.0 11067350.0 11185118.0 11300082.0 11412241.0 11521597.0 11628149.0 11731896.0 11832840.0 11930980.0 12026316.0 12118847.0 12208575.0 12295499.0 12379619.0 12460936.0 12539447.0 12615155.0 12688058.0 12758158.0 12825454.0 12889946.0 12951634.0 13010518.0 13066597.0 13119874.0 13170346.0 13218014.0 13262877.0 13304937.0 13344194.0 13380645.0 13414294.0 13445138.0 13473178.0 13498414.0 13520846.0 13540474.0 13557297.0 13571318.0 13582533.0 13590945.0 13596553.0 13599357.0 13599357.0 13596553.0 13590945.0 13582533.0 13571318.0 13557297.0 13540474.0 13520846.0 13498414.0 13473178.0 13445138.0 13414294.0 13380645.0 13344194.0 13304937.0 13262877.0 13218014.0 13170346.0 13119874.0 13066597.0 13010518.0 12951634.0 12889946.0 12825454.0 12758158.0 12688058.0 12615155.0 12539447.0 12460936.0 12379619.0 12295499.0 12208575.0 12118847.0 12026316.0 11930980.0 11832840.0 11731896.0 11628149.0 11521597.0 11412241.0 11300082.0 11185118.0 11067350.0 10946779.0 10823404.0 10697226.0 10568243.0 10436458.0 10301869.0 10164477.0 10024283.0 9881285.0 9735485.0 9586884.0 9435482.0 9281281.0 9124280.0 8964482.0 8801890.0 8636503.0 8468325.0 8297360.5 8123611.5 7947083.5 7767782.5 7585715.5 7400890.0 7213316.0 7023004.0 6829968.0 6634223.0 6435787.5 6234682.5 6030931.0 5824561.0 5615604.0 5404095.0 5190073.0 4973583.5 4754676.5 4533406.5 4309835.5 4084030.5 3856065.0 3626018.8 3393979.2 3160039.2 2924299.8 2686867.2 2447855.8 2207385.0 1965581.4 1722576.8 1478508.6 1233519.1 987755.0 741366.6 494507.3 247332.7    0.0
   0.0 277759.3 555341.1 832568.8 1109267.6 1385265.2 1660393.0 1934486.1 2207385.0 2478935.0 2748988.2 3017402.8 3284044.0 3548784.0 3811502.8 4072087.8 4330434.0 4586443.5 4840027.0 5091101.5 5339591.5 5585429.0 5828550.5 6068901.0 6306430.0 6541093.0 6772850.0 7001667.0 7227512.0 7450358.5 7670183.5 7886966.5 8100690.5 8311340.0 8518903.0 8723367.0 8924725.0 9122970.0 9318093.0 9510090.0 9698956.0 9884689.0 10067284.0 10246740.0 10423054.0 10596226.0 10766253.0 10933135.0 11096870.0 11257459.0 11414901.0 11569194.0 11720340.0 11868338.0 12013187.0 12154888.0 12293440.0 12428844.0 12561100.0 12690206.0 12816163.0 12938972.0 13058632.0 13175142.0 13288504.0 13398717.0 13505781.0 13609696.0 13710461.0 13808078.0 13902547.0 13993867.0 14082036.0 14167058.0 14248930.0 14327654.0 14403228.0 14475653.0 14544930.0 14611057.0 14674036.0 14733866.0 14790547.0 14844079.0 14894462.0 14941696.0 14985782.0 15026718.0 15064506.0 15099144.0 15130634.0 15158974.0 15184165.0 15206207.0 15225102.0 15240847.0 15253443.0 15262889.0 15269187.0 15272335.0 15272335.0 15269187.0 15262889.0 15253443.0 15240847.0 15225102.0 15206207.0 15184165.0 15158974.0 15130634.0 15099144.0 15064506.0 15026718.0 14985782.0 14941696.0 14894462.0 14844079.0 14790547.0 14733866.0 14674036.0 14611057.0 14544930.0 14475653.0 14403228.0 14327654.0 14248930.0 14167058.0 14082036.0 13993867.0 13902547.0 13808078.0 13710461.0 13609696.0 13505781.0 13398717.0 13288504.0 13175142.0 13058632.0 12938972.0 12816163.0 12690206.0 12561100.0 12428844.0 12293440.0 12154888.0 12013187.0 11868338.0 11720340.0 11569194.0 11414901.0 11257459.0 11096870.0 10933135.0 10766253.0 10596226.0 10423054.0 10246740.0 10067284.0 9884689.0 9698956.0 9510090.0 9318093.0 9122970.0 8924725.0 8723367.0 8518903.0 8311340.0 8100690.5 7886966.5 7670183.5 7450358.5 7227512.0 7001667.0 6772850.0 6541093.0 6306430.0 6068901.0 5828550.5 5585429.0 5339591.5 5091101.5 4840027.0 4586443.5 4330434.0 4072087.8 3811502.8 3548784.0 3284044.0 3017402.8 2748988.2 2478935.0 2207385.0 1934486.1 1660393.0 1385265.2 1109267.6 832568.8 555341.1 277759.3    0.0
   0.0 308018.1 615839.4 923268.1 1230110.2 1536174.9 1841274.9 2145227.5 2447855.8 2748988.2 3048461.0 3346116.2 3641805.0 3935385.5 4226725.0 4515698.0 4802188.0 5086087.0 5367296.0 5645722.5 5921283.0 6193901.0 6463508.5 6730042.5 6993448.0 7253674.5 7510679.5 7764423.5 8014871.5 8261995.0 8505768.0 8746167.0 8983174.0 9216771.0 9446945.0 9673685.0 9896978.0 10116819.0 10333198.0 10546112.0 10755553.0 10961519.0 11164006.0 11363012.0 11558533.0 11750570.0 11939120.0 12124182.0 12305754.0 12483837.0 12658432.0 12829534.0 12997145.0 13161266.0 13321894.0 13479032.0 13632678.0 13782833.0 13929497.0 14072668.0 14212347.0 14348534.0 14481229.0 14610432.0 14736143.0 14858362.0 14977090.0 15092325.0 15204068.0 15312320.0 15417079.0 15518347.0 15616123.0 15710406.0 15801198.0 15888497.0 15972304.0 16052620.0 16129443.0 16202775.0 16272614.0 16338962.0 16401818.0 16461182.0 16517053.0 16569433.0 16618322.0 16663718.0 16705622.0 16744033.0 16778954.0 16810382.0 16838316.0 16862760.0 16883714.0 16901172.0 16915142.0 16925616.0 16932600.0 16936090.0 16936090.0 16932600.0 16925616.0 16915142.0 16901172.0 16883714.0 16862760.0 16838316.0 16810382.0 16778954.0 16744033.0 16705622.0 16663718.0 16618322.0 16569433.0 16517053.0 16461182.0 16401818.0 16338962.0 16272614.0 16202775.0 16129443.0 16052620.0 15972304.0 15888497.0 15801198.0 15710406.0 15616123.0 15518347.0 15417079.0 15312320.0 15204068.0 15092325.0 14977090.0 14858362.0 14736143.0 14610432.0 14481229.0 14348534.0 14212347.0 14072668.0 13929497.0 13782833.0 13632678.0 13479032.0 13321894.0 13161266.0 12997145.0 12829534.0 12658432.0 12483837.0 12305754.0 12124182.0 11939120.0 11750570.0 11558533.0 11363012.0 11164006.0 10961519.0 10755553.0 10546112.0 10333198.0 10116819.0 9896978.0 9673685.0 9446945.0 9216771.0 8983174.0 8746167.0 8505768.0 8261995.0 8014871.5 7764423.5 7510679.5 7253674.5 6993448.0 6730042.5 6463508.5 6193901.0 5921283.0 5645722.5 5367296.0 5086087.0 4802188.0 4515698.0 4226725.0 3935385.5 3641805.0 3346116.2 3048461.0 2748988.2 2447855.8 2145227.5 1841274.9 1536174.9 1230110.2 923268.1 615839.4 308018.1    0.0
   0.0 338093.4 675970.7 1013417.1 1350219.8 1686168.9 2021059.2 2354690.2 2686867.2 3017402.8 3346116.2 3672835.2 3997395.5 4319641.5 4639428.0 4956616.5 5271079.5 5582699.5 5891365.5 6196977.5 6499444.5 6798681.5 7094613.5 7387172.5 7676297.0 7961933.0 8244032.0 8522551.0 8797454.0 9068707.0 9336282.0 9600154.0 9860302.0 10116708.0 10369357.0 10618235.0 10863332.0 11104638.0 11342145.0 11575847.0 11805739.0 12031816.0 12254074.0 12472510.0 12687123.0 12897911.0 13104871.0 13308002.0 13507304.0 13702775.0 13894416.0 14082225.0 14266203.0 14446348.0 14622661.0 14795142.0 14963790.0 15128606.0 15289590.0 15446741.0 15600058.0 15749543.0 15895195.0 16037013.0 16174999.0 16309151.0 16439471.0 16565958.0 16688612.0 16807434.0 16922422.0 17033578.0 17140900.0 17244388.0 17344046.0 17439870.0 17531860.0 17620016.0 17704342.0 17784836.0 17861492.0 17934318.0 18003312.0 18068472.0 18129798.0 18187294.0 18240956.0 18290784.0 18336780.0 18378942.0 18417272.0 18451768.0 18482430.0 18509260.0 18532260.0 18551424.0 18566756.0 18578254.0 18585920.0 18589752.0 18589752.0 18585920.0 18578254.0 18566756.0 18551424.0 18532260.0 18509260.0 18482430.0 18451768.0 18417272.0 18378942.0 18336780.0 18290784.0 18240956.0 18187294.0 18129798.0 18068472.0 18003312.0 17934318.0 17861492.0 17784836.0 17704342.0 17620016.0 17531860.0 17439870.0 17344046.0 17244388.0 17140900.0 17033578.0 16922422.0 16807434.0 16688612.0 16565958.0 16439471.0 16309151.0 16174999.0 16037013.0 15895195.0 15749543.0 15600058.0 15446741.0 15289590.0 15128606.0 14963790.0 14795142.0 14622661.0 14446348.0 14266203.0 14082225.0 13894416.0 13702775.0 13507304.0 13308002.0 13104871.0 12897911.0 12687123.0 12472510.0 12254074.0 12031816.0 11805739.0 11575847.0 11342145.0 11104638.0 10863332.0 10618235.0 10369357.0 10116708.0 9860302.0 9600154.0 9336282.0 9068707.0 8797454.0 8522551.0 8244032.0 7961933.0 7676297.0 7387172.5 7094613.5 6798681.5 6499444.5 6196977.5 5891365.5 5582699.5 5271079.5 4956616.5 4639428.0 4319641.5 3997395.5 3672835.2 3346116.2 3017402.8 2686867.2 2354690.2 2021059.2 1686168.9 1350219.8 1013417.1 675970.7 338093.4    0.0
   0.0 367969.9 735704.7 1102970.5 1469535.6 1835171.9 2199655.8 2562768.8 2924299.8 3284044.0 3641805.0 3997395.5 4350636.5 4701358.5 5049403.5 5394621.5 5736873.0 6076030.0 6411972.5 6744591.0 7073786.0 7399466.0 7721549.0 8039960.5 8354634.5 8665511.0 8972539.0 9275670.0 9574865.0 9870088.0 10161308.0 10448498.0 10731635.0 11010699.0 11285674.0 11556545.0 11823300.0 12085930.0 12344425.0 12598779.0 12848986.0 13095041.0 13336939.0 13574678.0 13808256.0 14037670.0 14262919.0 14484000.0 14700914.0 14913659.0 15122234.0 15326640.0 15526876.0 15722940.0 15914833.0 16102556.0 16286108.0 16465489.0 16640698.0 16811736.0 16978602.0 17141294.0 17299818.0 17454168.0 17604348.0 17750354.0 17892190.0 18029854.0 18163348.0 18292670.0 18417818.0 18538796.0 18655602.0 18768238.0 18876700.0 18980992.0 19081110.0 19177058.0 19268836.0 19356442.0 19439874.0 19519136.0 19594226.0 19665142.0 19731890.0 19794464.0 19852868.0 19907100.0 19957160.0 20003046.0 20044762.0 20082308.0 20115682.0 20144882.0 20169912.0 20190772.0 20207458.0 20219974.0 20228316.0 20232486.0 20232486.0 20228316.0 20219974.0 20207458.0 20190772.0 20169912.0 20144882.0 20115682.0 20082308.0 20044762.0 20003046.0 19957160.0 19907100.0 19852868.0 19794464.0 19731890.0 19665142.0 19594226.0 19519136.0 19439874.0 19356442.0 19268836.0 19177058.0 19081110.0 18980992.0 18876700.0 18768238.0 18655602.0 18538796.0 18417818.0 18292670.0 18163348.0 18029854.0 17892190.0 17750354.0 17604348.0 17454168.0 17299818.0 17141294.0 16978602.0 16811736.0 16640698.0 16465489.0 16286108.0 16102556.0 15914833.0 15722940.0 15526876.0 15326640.0 15122234.0 14913659.0 14700914.0 14484000.0 14262919.0 14037670.0 13808256.0 13574678.0 13336939.0 13095041.0 12848986.0 12598779.0 12344425.0 12085930.0 11823300.0 11556545.0 11285674.0 11010699.0 10731635.0 10448498.0 10161308.0 9870088.0 9574865.0 9275670.0 8972539.0 8665511.0 8354634.5 8039960.5 7721549.0 7399466.0 7073786.0 6744591.0 6411972.5 6076030.0 5736873.0 5394621.5 5049403.5 4701358.5 4350636.5 3997395.5 3641805.0 3284044.0 2924299.8 2562768.8 2199655.8 1835171.9 1469535.6 1102970.5 735704.7 367969.9    0.0
   0.0 397633.4 795012.8 1191885.4 1588000.8 1983112.4 2376978.8 2769364.0 3160039.2 3548784.0 3935385.5 4319641.5 4701358.5 5080354.0 5456456.5 5829503.5 6199345.5 6565843.5 6928867.5 7288300.0 7644032.5 7995967.0 8344015.0 8688095.0 9028135.0 9364073.0 9695852.0 10023420.0 10346734.0 10665756.0 10980453.0 11290794.0 11596756.0 11898316.0 12195458.0 12488166.0 12776425.0 13060226.0 13339559.0 13614417.0 13884794.0 14150685.0 14412084.0 14668988.0 14921396.0 15169304.0 15412711.0 15651615.0 15886015.0 16115910.0 16341299.0 16562184.0 16778560.0 16990430.0 17197792.0 17400650.0 17598998.0 17792840.0 17982172.0 18166998.0 18347314.0 18523124.0 18694426.0 18861218.0 19023504.0 19181282.0 19334554.0 19483314.0 19627568.0 19767314.0 19902554.0 20033284.0 20159506.0 20281222.0 20398428.0 20511126.0 20619316.0 20722998.0 20822174.0 20916842.0 21007002.0 21092654.0 21173794.0 21250428.0 21322556.0 21390176.0 21453286.0 21511890.0 21565986.0 21615572.0 21660652.0 21701224.0 21737288.0 21768842.0 21795890.0 21818430.0 21836462.0 21849986.0 21859002.0 21863510.0 21863510.0 21859002.0 21849986.0 21836462.0 21818430.0 21795890.0 21768842.0 21737288.0 21701224.0 21660652.0 21615572.0 21565986.0 21511890.0 21453286.0 21390176.0 21322556.0 21250428.0 21173794.0 21092654.0 21007002.0 20916842.0 20822174.0 20722998.0 20619316.0 20511126.0 20398428.0 20281222.0 20159506.0 20033284.0 19902554.0 19767314.0 19627568.0 19483314.0 19334554.0 19181282.0 19023504.0 18861218.0 18694426.0 18523124.0 18347314.0 18166998.0 17982172.0 17792840.0 17598998.0 17400650.0 17197792.0 16990430.0 16778560.0 16562184.0 16341299.0 16115910.0 15886015.0 15651615.0 15412711.0 15169304.0 14921396.0 14668988.0 14412084.0 14150685.0 13884794.0 13614417.0 13339559.0 13060226.0 12776425.0 12488166.0 12195458.0 11898316.0 11596756.0 11290794.0 10980453.0 10665756.0 10346734.0 10023420.0 9695852.0 9364073.0 9028135.0 8688095.0 8344015.0 7995967.0 7644032.5 7288300.0 6928867.5 6565843.5 6199345.5 5829503.5 5456456.5 5080354.0 4701358.5 4319641.5 3935385.5 3548784.0 3160039.2 2769364.0 2376978.8 1983112.4 1588000.8 1191885.4 795012.8 397633.4    0.0
   0.0 427070.5 853868.1 1280121.4 1705561.5 2129923.5 2552948.0 2974382.0 3393979.2 3811502.8 4226725.0 4639428.0 5049403.5 5456456.5 5860401.5 6261065.5 6658287.5 7051917.0 7441816.0 7827857.5 8209925.5 8587914.0 8961728.0 9331281.0 9696495.0 10057303.0 10413643.0 10765461.0 11112710.0 11455349.0 11793343.0 12126659.0 12455272.0 12779157.0 13098296.0 13412673.0 13722273.0 14027084.0 14327097.0 14622302.0 14912695.0 15198269.0 15479020.0 15754944.0 16026037.0 16292298.0 16553724.0 16810314.0 17062068.0 17308982.0 17551058.0 17788294.0 18020688.0 18248244.0 18470958.0 18688830.0 18901862.0 19110054.0 19313404.0 19511912.0 19705578.0 19894404.0 20078386.0 20257526.0 20431828.0 20601286.0 20765902.0 20925678.0 21080612.0 21230704.0 21375952.0 21516360.0 21651928.0 21782654.0 21908536.0 22029578.0 22145778.0 22257136.0 22363654.0 22465330.0 22562164.0 22654156.0 22741306.0 22823614.0 22901080.0 22973704.0 23041488.0 23104430.0 23162530.0 23215788.0 23264204.0 23307780.0 23346514.0 23380404.0 23409454.0 23433664.0 23453030.0 23467556.0 23477238.0 23482078.0 23482078.0 23477238.0 23467556.0 23453030.0 23433664.0 23409454.0 23380404.0 23346514.0 23307780.0 23264204.0 23215788.0 23162530.0 23104430.0 23041488.0 22973704.0 22901080.0 22823614.0 22741306.0 22654156.0 22562164.0 22465330.0 22363654.0 22257136.0 22145778.0 22029578.0 21908536.0 21782654.0 21651928.0 21516360.0 21375952.0 21230704.0 21080612.0 20925678.0 20765902.0 20601286.0 20431828.0 20257526.0 20078386.0 19894404.0 19705578.0 19511912.0 19313404.0 19110054.0 18901862.0 18688830.0 18470958.0 18248244.0 18020688.0 17788294.0 17551058.0 17308982.0 17062068.0 16810314.0 16553724.0 16292298.0 16026037.0 15754944.0 15479020.0 15198269.0 14912695.0 14622302.0 14327097.0 14027084.0 13722273.0 13412673.0 13098296.0 12779157.0 12455272.0 12126659.0 11793343.0 11455349.0 11112710.0 10765461.0 10413643.0 10057303.0 9696495.0 9331281.0 8961728.0 8587914.0 8209925.5 7827857.5 7441816.0 7051917.0 6658287.5 6261065.5 5860401.5 5456456.5 5049403.5 4639428.0 4226725.0 3811502.8 3393979.2 2974382.0 2552948.0 2129923.5 1705561.5 1280121.4 853868.1 427070.5    0.0
   0.0 456268.5 912245.4 1367640.8 1822167.4 2275542.2 2727488.0 3177734.5 3626018.8 4072087.8 4515698.0 4956616.5 5394621.5 5829503.5 6261065.5 6689122.5 7113501.5 7534043.0 7950598.5 8363033.0 8771222.0 9175053.0 9574424.0 9969242.0 10359426.0 10744901.0 11125603.0 11501474.0 11872464.0 12238529.0 12599631.0 12955736.0 13306815.0 13652844.0 13993802.0 14329672.0 14660438.0 14986089.0 15306613.0 15622001.0 15932248.0 16237346.0 16537292.0 16832080.0 17121706.0 17406170.0 17685470.0 17959604.0 18228568.0 18492364.0 18750990.0 19004444.0 19252728.0 19495840.0 19733780.0 19966550.0 20194146.0 20416570.0 20633822.0 20845902.0 21052810.0 21254544.0 21451106.0 21642494.0 21828710.0 22009754.0 22185626.0 22356326.0 22521852.0 22682206.0 22837384.0 22987392.0 23132228.0 23271890.0 23406382.0 23535698.0 23659842.0 23778814.0 23892612.0 24001240.0 24104694.0 24202976.0 24296084.0 24384020.0 24466782.0 24544370.0 24616788.0 24684034.0 24746106.0 24803006.0 24854734.0 24901288.0 24942670.0 24978878.0 25009914.0 25035778.0 25056468.0 25071986.0 25082330.0 25087502.0 25087502.0 25082330.0 25071986.0 25056468.0 25035778.0 25009914.0 24978878.0 24942670.0 24901288.0 24854734.0 24803006.0 24746106.0 24684034.0 24616788.0 24544370.0 24466782.0 24384020.0 24296084.0 24202976.0 24104694.0 24001240.0 23892612.0 23778814.0 23659842.0 23535698.0 23406382.0 23271890.0 23132228.0 22987392.0 22837384.0 22682206.0 22521852.0 22356326.0 22185626.0 22009754.0 21828710.0 21642494.0 21451106.0 21254544.0 21052810.0 20845902.0 20633822.0 20416570.0 20194146.0 19966550.0 19733780.0 19495840.0 19252728.0 19004444.0 18750990.0 18492364.0 18228568.0 17959604.0 17685470.0 17406170.0 17121706.0 16832080.0 16537292.0 16237346.0 15932248.0 15622001.0 15306613.0 14986089.0 14660438.0 14329672.0 13993802.0 13652844.0 13306815.0 12955736.0 12599631.0 12238529.0 11872464.0 11501474.0 11125603.0 10744901.0 10359426.0 9969242.0 9574424.0 9175053.0 8771222.0 8363033.0 7950598.5 7534043.0 7113501.5 6689122.5 6261065.5 5829503.5 5394621.5 4956616.5 4515698.0 4072087.8 3626018.8 3177734.5 2727488.0 2275542.2 1822167.4 1367640.8 912245.4 456268.5    0.0
   0.0 485215.6 970121.1 1454408.2 1937771.4 2419909.8 2900528.5 3379340.0 3856065.0 4330434.0 4802188.0 5271079.5 5736873.0 6199345.5 6658287.5 7113501.5 7564804.5 8012026.5 8455010.0 8893610.0 9327696.0 9757148.0 10181856.0 10601723.0 11016661.0 11426592.0 11831447.0 12231165.0 12625692.0 13014981.0 13398992.0 13777689.0 14151042.0 14519024.0 14881614.0 15238792.0 15590543.0 15936855.0 16277713.0 16613112.0 16943042.0 17267496.0 17586470.0 17899960.0 18207962.0 18510474.0 18807494.0 19099018.0 19385046.0 19665578.0 19940610.0 20210146.0 20474180.0 20732718.0 20985754.0 21233290.0 21475326.0 21711862.0 21942898.0 22168432.0 22388466.0 22602998.0 22812030.0 23015562.0 23213592.0 23406122.0 23593152.0 23774682.0 23950708.0 24121236.0 24286262.0 24445786.0 24599810.0 24748332.0 24891356.0 25028878.0 25160898.0 25287418.0 25408436.0 25523954.0 25633972.0 25738488.0 25837504.0 25931018.0 26019032.0 26101544.0 26178556.0 26250068.0 26316078.0 26376588.0 26431596.0 26481102.0 26525110.0 26563616.0 26596622.0 26624126.0 26646130.0 26662630.0 26673632.0 26679134.0 26679134.0 26673632.0 26662630.0 26646130.0 26624126.0 26596622.0 26563616.0 26525110.0 26481102.0 26431596.0 26376588.0 26316078.0 26250068.0 26178556.0 26101544.0 26019032.0 25931018.0 25837504.0 25738488.0 25633972.0 25523954.0 25408436.0 25287418.0 25160898.0 25028878.0 24891356.0 24748332.0 24599810.0 24445786.0 24286262.0 24121236.0 23950708.0 23774682.0 23593152.0 23406122.0 23213592.0 23015562.0 22812030.0 22602998.0 22388466.0 22168432.0 21942898.0 21711862.0 21475326.0 21233290.0 20985754.0 20732718.0 20474180.0 20210146.0 19940610.0 19665578.0 19385046.0 19099018.0 18807494.0 18510474.0 18207962.0 17899960.0 17586470.0 17267496.0 16943042.0 16613112.0 16277713.0 15936855.0 15590543.0 15238792.0 14881614.0 14519024.0 14151042.0 13777689.0 13398992.0 13014981.0 12625692.0 12231165.0 11831447.0 11426592.0 11016661.0 10601723.0 10181856.0 9757148.0 9327696.0 8893610.0 8455010.0 8012026.5 7564804.5 7113501.5 6658287.5 6199345.5 5736873.0 5271079.5 4802188.0 4330434.0 3856065.0 3379340.0 2900528.5 2419909.8 1937771.4 1454408.2 970121.1 485215.6    0.0
   0.0 513900.9 1027473.4 1540391.0 2052330.0 2562971.8 3072004.2 3579122.2 4084030.5 4586443.5 5086087.0 5582699.5 6076030.0 6565843.5 7051917.0 7534043.0 8012026.5 8485688.0 8954860.0 9419389.0 9879138.0 10333978.0 10783794.0 11228483.0 11667952.0 12102118.0 12530907.0 12954256.0 13372107.0 13784411.0 14191124.0 14592209.0 14987634.0 15377371.0 15761397.0 16139691.0 16512238.0 16879022.0 17240032.0 17595260.0 17944694.0 18288328.0 18626160.0 18958182.0 19284394.0 19604790.0 19919370.0 20228128.0 20531066.0 20828182.0 21119474.0 21404944.0 21684588.0 21958410.0 22226404.0 22488574.0 22744920.0 22995440.0 23240134.0 23479000.0 23712044.0 23939258.0 24160648.0 24376212.0 24585952.0 24789864.0 24987950.0 25180210.0 25366644.0 25547252.0 25722034.0 25890990.0 26054120.0 26211424.0 26362902.0 26508552.0 26648378.0 26782378.0 26910552.0 27032898.0 27149420.0 27260114.0 27364984.0 27464028.0 27557244.0 27644634.0 27726198.0 27801938.0 27871852.0 27935940.0 27994200.0 28046634.0 28093242.0 28134024.0 28168980.0 28198112.0 28221416.0 28238892.0 28250544.0 28256370.0 28256370.0 28250544.0 28238892.0 28221416.0 28198112.0 28168980.0 28134024.0 28093242.0 28046634.0 27994200.0 27935940.0 27871852.0 27801938.0 27726198.0 27644634.0 27557244.0 27464028.0 27364984.0 27260114.0 27149420.0 27032898.0 26910552.0 26782378.0 26648378.0 26508552.0 26362902.0 26211424.0 26054120.0 25890990.0 25722034.0 25547252.0 25366644.0 25180210.0 24987950.0 24789864.0 24585952.0 24376212.0 24160648.0 23939258.0 23712044.0 23479000.0 23240134.0 22995440.0 22744920.0 22488574.0 22226404.0 21958410.0 21684588.0 21404944.0 21119474.0 20828182.0 20531066.0 20228128.0 19919370.0 19604790.0 19284394.0 18958182.0 18626160.0 18288328.0 17944694.0 17595260.0 17240032.0 16879022.0 16512238.0 16139691.0 15761397.0 15377371.0 14987634.0 14592209.0 14191124.0 13784411.0 13372107.0 12954256.0 12530907.0 12102118.0 11667952.0 11228483.0 10783794.0 10333978.0 9879138.0 9419389.0 8954860.0 8485688.0 8012026.5 7534043.0 7051917.0 6565843.5 6076030.0 5582699.5 5086087.0 4586443.5 4084030.5 3579122.2 3072004.2 2562971.8 2052330.0 1540391.0 1027473.4 513900.9    0.0
   0.0 542314.4 1084282.2 1625558.8 2165802.8 2704678.0 3241854.5 3777011.0 4309835.5 4840027.0 5367296.0 5891365.5 6411972.5 6928867.5 7441816.0 7950598.5 8455010.0 8954860.0 9449972.0 9940186.0 10425354.0 10905341.0 11380028.0 11849303.0 12313071.0 12771241.0 13223739.0 13670495.0 14111449.0 14546549.0 14975749.0 15399011.0 15816299.0 16227584.0 16632842.0 17032052.0 17425198.0 17812262.0 18193230.0 18568098.0 18936852.0 19299486.0 19655998.0 20006376.0 20350624.0 20688736.0 21020706.0 21346534.0 21666222.0 21979766.0 22287166.0 22588418.0 22883524.0 23172486.0 23455298.0 23731964.0 24002482.0 24266854.0 24525076.0 24777150.0 25023078.0 25262856.0 25496486.0 25723970.0 25945304.0 26160490.0 26369530.0 26572420.0 26769160.0 26959754.0 27144202.0 27322498.0 27494648.0 27660650.0 27820502.0 27974206.0 28121762.0 28263170.0 28398430.0 28527542.0 28650506.0 28767322.0 28877990.0 28982508.0 29080880.0 29173102.0 29259176.0 29339102.0 29412882.0 29480510.0 29541992.0 29597326.0 29646512.0 29689550.0 29726438.0 29757180.0 29781772.0 29800216.0 29812512.0 29818658.0 29818658.0 29812512.0 29800216.0 29781772.0 29757180.0 29726438.0 29689550.0 29646512.0 29597326.0 29541992.0 29480510.0 29412882.0 29339102.0 29259176.0 29173102.0 29080880.0 28982508.0 28877990.0 28767322.0 28650506.0 28527542.0 28398430.0 28263170.0 28121762.0 27974206.0 27820502.0 27660650.0 27494648.0 27322498.0 27144202.0 26959754.0 26769160.0 26572420.0 26369530.0 26160490.0 25945304.0 25723970.0 25496486.0 25262856.0 25023078.0 24777150.0 24525076.0 24266854.0 24002482.0 23731964.0 23455298.0 23172486.0 22883524.0 22588418.0 22287166.0 21979766.0 21666222.0 21346534.0 21020706.0 20688736.0 20350624.0 20006376.0 19655998.0 19299486.0 18936852.0 18568098.0 18193230.0 17812262.0 17425198.0 17032052.0 16632842.0 16227584.0 15816299.0 15399011.0 14975749.0 14546549.0 14111449.0 13670495.0 13223739.0 12771241.0 12313071.0 11849303.0 11380028.0 10905341.0 10425354.0 9940186.0 9449972.0 8954860.0 8455010.0 7950598.5 7441816.0 6928867.5 6411972.5 5891365.5 5367296.0 4840027.0 4309835.5 3777011.0 3241854.5 2704678.0 2165802.8 1625558.8 1084282.2 542314.4    0.0
