  0.00   0.00   0.00   0.00   0.00   0.00   0.00   0.00
  0.00  36.00  60.00  72.00  72.00  60.00  36.00  36.00
  0.00  60.00  28.51  32.10  32.10  28.51  60.00  24.89
  0.00  72.00  32.10  34.26  34.26  32.10  72.00  29.91
  0.00  72.00  32.10  34.26  34.26  32.10  72.00  29.91
  0.00  60.00  28.51  32.10  32.10  28.51  60.00  24.89
  0.00  36.00  60.00  72.00  72.00  60.00  36.00  36.00
  0.00  36.00  24.89  29.91  29.91  24.89  36.00  21.56
